NODE 0 0.7141230536764246 0.5345825922275624
NODE 1 0.4402004428224148 0.6836905345069209
NODE 2 0.8884794009360136 0.9701265757598695
NODE 3 0.5976910145188862 0.37469444905166716
NODE 4 0.9395053868913747 0.9352928970634505
NODE 5 0.43683232461151766 0.7228828597190513
NODE 6 0.09312304957375617 0.7448746781260125
NODE 7 0.5264330996750514 0.4139958689112635
NODE 8 0.11670364892913887 0.19803309208806397
NODE 9 0.49315381180480466 0.8077410343391301
NODE 10 0.31092148201171976 0.9621823413744748
NODE 11 0.9538786337844994 0.8865174142488074
NODE 12 0.3163551451306301 0.8973316526185436
NODE 13 0.6445876683684281 0.4502913120479687
NODE 14 0.4163120871075112 0.6653844756246641
NODE 15 0.30036596723727615 0.9776916750778725
NODE 16 0.3201531736089215 0.2158706681023318
NODE 17 0.5701015457346608 0.11145613978521551
NODE 18 0.0385642556741963 0.611033511957113
NODE 19 0.4021110427102277 0.49632188032896174
NODE 20 0.4174520822410346 0.5614952088856928
NODE 21 0.47984530700281236 0.5738697209500476
NODE 22 0.22713207510963362 0.055633745987602845
NODE 23 0.4996810147458087 0.7372222095892492
NODE 24 0.6539184420685529 0.8520701375651464
NODE 25 0.05578537195523414 0.7946918170035802
NODE 26 0.8948744834437491 0.29898103445420476
NODE 27 0.586996173950904 0.9742855200597714
NODE 28 0.5275926222098223 0.5650851791443041
NODE 29 0.809920310332324 0.8338549150776594
EDGE 5 1 0.03933678400449093
EDGE 25 13 0.6821289116253106
EDGE 3 27 0.5996864447754511
EDGE 25 24 0.600878890654057
EDGE 2 0 0.4691467759890256
EDGE 14 13 0.31364758889148264
EDGE 20 9 0.2576194061249868
EDGE 18 15 0.4505311806750422
EDGE 4 6 0.8675379870798403
EDGE 11 24 0.3019316669135388
EDGE 17 20 0.4752231290896058
EDGE 29 21 0.4201687863092035
EDGE 15 25 0.3054645898360875
EDGE 0 21 0.23754902877032008
EDGE 7 21 0.166523484805569
EDGE 1 5 0.03933678400449093
EDGE 3 9 0.44548554609596136
EDGE 17 2 0.9157943963027487
EDGE 21 7 0.166523484805569
EDGE 22 24 0.9035803942378627
EDGE 13 21 0.205940935161246
EDGE 15 4 0.6405441859332534
EDGE 26 28 0.45354975627014377
EDGE 9 17 0.7005238098315402
EDGE 22 4 1.1319346082748627
EDGE 13 17 0.3469257217724599
EDGE 25 18 0.1844639256291219
EDGE 5 29 0.38924213821183673
EDGE 0 29 0.3142308667315942
EDGE 24 3 0.48067564073143065
EDGE 19 0 0.3143491324342377
EDGE 26 4 0.6378751476894197
EDGE 5 10 0.2704029996223145
EDGE 22 7 0.4669095356193335
EDGE 5 23 0.06446374800068702
EDGE 13 16 0.4002633879056931
EDGE 26 17 0.37502406214642664
EDGE 16 17 0.2708811223618082
EDGE 19 1 0.1912009805659111
EDGE 19 2 0.6790029965291918
EDGE 16 10 0.7463687679639414
EDGE 18 6 0.14453414736049616
EDGE 11 9 0.46741103925762734
EDGE 9 13 0.3882042205846821
EDGE 12 29 0.49763025280765405
EDGE 17 15 0.9072603181618133
EDGE 18 14 0.3816378537359254
EDGE 14 22 0.6384238633012128
EDGE 8 3 0.5124042163187056
EDGE 25 26 0.9745766860305553
