NODE 0 0.3854006757751882 0.8040168603915205
NODE 1 0.22249226525399435 0.0944706268766986
NODE 2 0.05768356710411637 0.23316957780266734
NODE 3 0.4039442312822531 0.7952294779803076
NODE 4 0.15922581012250392 0.568010380742282
NODE 5 0.3099389958879393 0.2784963226894803
NODE 6 0.328815873166054 0.5762799891744307
NODE 7 0.33246781916197665 0.12843360340447818
NODE 8 0.5116607505284267 0.46660444575182836
NODE 9 0.5814912770052798 0.9780488821295985
NODE 10 0.09560063371267247 0.19510182156034084
NODE 11 0.4077216922287511 0.514619666546072
NODE 12 0.305397716914961 0.8674397904007926
NODE 13 0.5909377415349012 0.7582414830215002
NODE 14 0.7890747857575907 0.030628657917911917
NODE 15 0.1626980134194641 0.17383410786008902
NODE 16 0.23658989139478426 0.30481431985065877
NODE 17 0.9107002928219202 0.5974425065764932
NODE 18 0.7021350654782611 0.1347922590679146
NODE 19 0.5788520385673536 0.3659545592481711
NODE 20 0.6865197268444068 0.5406188595330844
NODE 21 0.6822541619473473 0.9996435633200982
NODE 22 0.2051139428284191 0.7318569844715246
NODE 23 0.6906432726535647 0.5236832348606135
NODE 24 0.6656755902206061 0.5125682006135089
NODE 25 0.9220784891558188 0.9371511052810829
NODE 26 0.02966359060645829 0.03736856325629789
NODE 27 0.027189474310755912 0.16713688675261373
NODE 28 0.433608065208518 0.0959987964349498
NODE 29 0.8280209408739029 0.6676761408334628
EDGE 11 20 0.2800076822901976
EDGE 3 25 0.5372195617044215
EDGE 23 4 0.5332629889135061
EDGE 7 13 0.6807823925448975
EDGE 23 22 0.5282755343071657
EDGE 4 16 0.2743307630215231
EDGE 21 7 0.9388063058242319
EDGE 25 28 0.972697569519137
EDGE 20 10 0.6845198303607352
EDGE 16 12 0.5668173753199302
EDGE 16 23 0.504051659049116
EDGE 12 15 0.7081327899698319
EDGE 11 8 0.11449362108057962
EDGE 23 0 0.41443936173143336
EDGE 27 24 0.725938918095256
EDGE 12 25 0.6206084452164019
EDGE 13 19 0.3924730497496121
EDGE 29 15 0.8285738056008163
EDGE 23 16 0.504051659049116
EDGE 1 0 0.7280075602036095
EDGE 3 1 0.7238700044728821
EDGE 11 12 0.36735845671615813
EDGE 15 20 0.6394687181678739
EDGE 29 26 1.0171834156518917
EDGE 10 16 0.17864714680860685
EDGE 28 17 0.692143618109446
EDGE 8 16 0.3191238354990684
EDGE 13 12 0.30570799138141364
EDGE 5 8 0.2758193833965925
EDGE 16 10 0.17864714680860685
EDGE 12 2 0.6809265765159856
EDGE 20 24 0.03494735322472975
EDGE 20 22 0.5179995649747383
EDGE 11 29 0.4473005060727808
EDGE 26 9 1.0905930761708744
EDGE 13 2 0.7483719130205201
EDGE 29 26 1.0171834156518917
EDGE 1 28 0.21112133073812608
EDGE 15 0 0.6683762244487899
EDGE 11 15 0.41972776913870524
EDGE 22 8 0.4053761890001797
EDGE 2 1 0.215404981311533
EDGE 20 28 0.5115186302577995
EDGE 22 13 0.3867248962919684
EDGE 7 27 0.3077219718788812
EDGE 12 28 0.7820224425044097
EDGE 24 3 0.38522811680139246
EDGE 15 27 0.13567393611869125
EDGE 12 4 0.3332029377178221
EDGE 13 5 0.5559817568204567
